// Calibration coefficients for GSFMA305
// HPGe energies only
// First column - detector ID; Second column - no. of polynomials 
// then the coefficients starting with offset
//
//
//
//
//
//  Do not delete or remove the first ten lines of this file.
110
1  	0  0.00000000000E-00  0.00000000000E-00  0.00000000000E-00  0.00000000000E-00  0.00000000000E-00  0.00000000000E-00
2  	0  0.00000000000E-00  0.00000000000E-00  0.00000000000E-00  0.00000000000E-00  0.00000000000E-00  0.00000000000E-00
3  	0  0.00000000000E-00  0.00000000000E-00  0.00000000000E-00  0.00000000000E-00  0.00000000000E-00  0.00000000000E-00
4  	0  0.00000000000E-00  0.00000000000E-00  0.00000000000E-00  0.00000000000E-00  0.00000000000E-00  0.00000000000E-00
5  	0  0.00000000000E-00  0.00000000000E-00  0.00000000000E-00  0.00000000000E-00  0.00000000000E-00  0.00000000000E-00
6  	0  0.00000000000E-00  0.00000000000E-00  0.00000000000E-00  0.00000000000E-00  0.00000000000E-00  0.00000000000E-00
7	5  8.89476156618E-02  1.00118151501E+00 -1.87219713329E-06  5.80728645476E-10  1.07292837954E-12 -6.54974108795E-16
8	5 -1.54557977934E-01  1.00115913205E+00  1.72690646254E-06 -7.87344924665E-09  7.83214065199E-12 -2.46943801579E-15
9	5 -7.26892886233E-01  1.00674332578E+00 -2.24166038163E-05  3.99214220546E-08 -3.20744399786E-11  9.30673181159E-15
10  	0  0.00000000000E-00  0.00000000000E-00  0.00000000000E-00  0.00000000000E-00  0.00000000000E-00  0.00000000000E-00
11	5  4.26688149928E-01  1.00046213159E+00 -1.83417455863E-07 -2.26715621677E-09  2.98644190989E-12 -1.08728898846E-15
12	5 -4.17715471745E-01  1.00460986802E+00 -1.30118492697E-05  1.87106641511E-08 -1.27647356863E-11  3.23828103482E-15
13	5  1.52179107020E-01  1.00117038552E+00 -1.71257106681E-06  5.98260890007E-10  7.08736066019E-13 -4.46743573057E-16
14	5 -9.84952782425E-01  1.00865668012E+00 -2.48331531532E-05  3.48502904815E-08 -2.27879516606E-11  5.56892676512E-15
15	5 -6.32356037684E-02  1.00231859962E+00 -7.73094232481E-06  1.26166357759E-08 -9.35307214958E-12  2.51568380669E-15
16	5 -5.24062936706E-01  1.00447272580E+00 -1.18975427821E-05  1.68681809687E-08 -1.13063260268E-11  2.82056712174E-15
17	5 -7.36824583646E-02  1.00262057173E+00 -6.11228785384E-06  7.98925652375E-09 -4.94578344725E-12  1.13716436166E-15
18	5 -4.57596756719E-01  1.00267190123E+00 -3.68731827090E-06  1.52005054143E-09  8.18556234222E-13 -5.89879431722E-16
19	5 -1.53216072781E-01  1.00547297320E+00 -1.77314085450E-05  2.51474732937E-08 -1.60272929120E-11  3.73188391823E-15
20	5 -7.02115992538E-01  1.00492493782E+00 -1.12285289829E-05  1.33705624066E-08 -7.50394179005E-12  1.56021549860E-15
21	5 -2.00651125461E-01  1.00240429088E+00 -4.17996811314E-06  2.82562201392E-09 -2.38296840872E-13 -3.01026475134E-16
22	5 -4.20528424250E-01  1.00235221396E+00 -3.73863674125E-06  2.72896832113E-09 -5.54441177822E-13 -1.39632107023E-16
23	5 -1.77550547750E-01  1.00072943635E+00  1.28533382496E-06 -4.17593180761E-09  3.67371464081E-12 -1.08386803639E-15
24	5 -4.57445686509E-01  1.00286908959E+00 -3.80838137335E-06  2.03483177270E-09 -1.78897201169E-13 -1.50116376491E-16
25	5 -5.24761235958E-01  1.00688550107E+00 -2.64527667690E-05  5.12152570132E-08 -4.28297503098E-11  1.25949874030E-14
26	5 -2.56781276688E-01  1.00369583944E+00 -8.53948564848E-06  9.32359977010E-09 -4.44827420133E-12  6.69477895046E-16
27	5  9.70224909960E-02  9.99615379755E-01  4.12644048947E-06 -8.95793845593E-09  7.45847708637E-12 -2.16575188269E-15
28	5 -5.64861263952E-01  1.00381562215E+00 -6.83307710748E-06  6.67348975459E-09 -3.28386726879E-12  5.92489592308E-16
29	5 -7.80559901415E-01  1.00598921019E+00 -1.90430748070E-05  3.36417541078E-08 -2.69661319171E-11  7.83401837485E-15
30	5 -1.07943698175E+00  1.00623135602E+00 -1.44615326311E-05  1.90056668564E-08 -1.23600457887E-11  3.06562294664E-15
31	5 -1.56478655911E-01  1.00377138154E+00 -1.17758972964E-05  1.88127714557E-08 -1.41061855422E-11  3.93139603124E-15
32	5 -6.14624028907E-01  1.00259516203E+00 -1.69309872385E-06 -1.18610498120E-09  2.18507901588E-12 -7.98424399009E-16
33	5  1.79287654959E-01  1.00307017580E+00 -1.09705869533E-05  1.58691292884E-08 -1.06407682201E-11  2.64197959203E-15
34	5 -4.91844300183E-01  1.00379857153E+00 -9.48838605489E-06  1.32755186875E-08 -9.24963635162E-12  2.44583438019E-15
35	5 -1.79838652987E-01  9.99702192135E-01  5.43693740347E-06 -1.11297423086E-08  9.05026007722E-12 -2.60904732109E-15
36	5 -2.57797479800E-01  1.00370975567E+00 -8.59269406483E-06  9.40388931183E-09 -4.50015008243E-12  6.81638769665E-16
37	5 -4.18232415058E-01  1.00413433239E+00 -1.30410231022E-05  2.50453289517E-08 -2.10265481118E-11  6.16057848775E-15
38	5 -2.21320705426E-01  1.00194149534E+00 -2.07255276550E-06  2.54718372415E-10  7.53796390461E-13 -3.72514203297E-16
39	5  1.78662963694E-02  1.00010557655E+00  4.75349348861E-06 -1.19654683398E-08  1.04730991401E-11 -3.10503479858E-15
40	5 -2.16438472334E-01  1.00139991768E+00  2.20724006846E-06 -8.92617656150E-09  8.46952191489E-12 -2.56773717214E-15
41	5  1.18700499689E-01  1.00178877363E+00 -4.23755377513E-06  3.38917192649E-09 -5.36311936632E-13 -2.76886894638E-16
42	5 -8.36063082016E-01  1.00618112038E+00 -1.73481122728E-05  2.70349538192E-08 -1.98775249690E-11  5.40676177066E-15
43	5 -7.76622211478E-01  1.00544449755E+00 -1.49421081385E-05  2.67893353936E-08 -2.18637941117E-11  6.36057052431E-15
44	5 -2.83195240266E-01  1.00197423863E+00 -1.59182118874E-06 -1.30609620772E-09  2.27645848764E-12 -8.26655068529E-16
45	5 -3.97640625133E-02  1.00247455446E+00 -7.03988988854E-06  1.11821607757E-08 -9.06849417370E-12  2.73474514161E-15
46	5 -4.14915385874E-01  1.00460496619E+00 -1.27034847191E-05  1.69541997276E-08 -1.04828596102E-11  2.34901001315E-15
47	5 -1.61612329883E-01  1.00128932587E+00  8.35047056597E-07 -5.45233147580E-09  5.54134627087E-12 -1.75563735571E-15
48	5 -4.71919104524E-01  1.00538349488E+00 -1.37332036729E-05  1.74169209780E-08 -1.05083177046E-11  2.37754038522E-15
49	5 -3.00010802062E-02  1.00200031545E+00 -4.52774943655E-06  4.76254364475E-09 -2.33005945312E-12  3.88812791618E-16
50	5 -6.66788866101E-01  1.00518759239E+00 -1.27187719068E-05  1.69879993136E-08 -1.10612296607E-11  2.68544496297E-15
51	5 -5.32237927610E-02  1.00267201289E+00 -7.43674344941E-06  9.96180357317E-09 -6.31192802216E-12  1.47075739596E-15
52	5 -4.65391304226E-01  1.00479563464E+00 -1.02066961091E-05  9.67261229073E-09 -3.57336261881E-12  2.49099018879E-16
53  	0  0.00000000000E-00  0.00000000000E-00  0.00000000000E-00  0.00000000000E-00  0.00000000000E-00  0.00000000000E-00
54 	0  0.00000000000E-00  0.00000000000E-00  0.00000000000E-00  0.00000000000E-00  0.00000000000E-00  0.00000000000E-00
55	5 -5.86332034578E-02  1.00068376858E+00  1.46986628578E-06 -4.58876699123E-09  3.96495969700E-12 -1.14931493017E-15
56  	5 -6.85604011721E-01  1.00538565934E+00 -1.36203303181E-05  1.80316839539E-08 -1.18640247790E-11  2.98877500904E-15
57	5 -1.03376285280E-01  1.00338546493E+00 -1.06829493342E-05  1.57059474296E-08 -1.07330638122E-11  2.71216598446E-15
58  	0  0.00000000000E-00  0.00000000000E-00  0.00000000000E-00  0.00000000000E-00  0.00000000000E-00  0.00000000000E-00
59	5 -9.87465537220E-01  1.00840737522E+00 -2.20793531096E-05  2.76767404129E-08 -1.62271041980E-11  3.57631303891E-15
60	5 -1.46848626499E+00  1.00846416609E+00 -2.48636143667E-05  4.33372814757E-08 -3.43416382237E-11  9.80329823505E-15
61	5  4.89891919532E-01  9.96638022722E-01  1.28395128413E-05 -2.11865044813E-08  1.53064061414E-11 -4.05206182918E-15
62	5 -5.95381772766E-01  1.00446503606E+00 -1.07164932019E-05  1.44516065697E-08 -9.59074239261E-12  2.37278958178E-15
63	5 -2.59931006839E-01  1.00472263141E+00 -1.49277083984E-05  2.24504428770E-08 -1.54999046684E-11  3.94320092338E-15
64	5 -7.91736627988E-01  1.00505181383E+00 -1.23957045964E-05  1.60122673900E-08 -9.65512445158E-12  2.12678115319E-15
65	5 -3.52098403744E-01  1.00411392444E+00 -9.73285173767E-06  1.11402153080E-08 -6.11927148001E-12  1.27870352590E-15
66	5 -6.46325974919E-01  1.00350279065E+00 -4.78572024426E-06  2.59163295437E-09  7.70802059680E-14 -3.77114891418E-16
67	5  4.02628544950E+00  9.65920888633E-01  1.06900396984E-04 -1.51863058455E-07  9.96169143977E-11 -2.44957361053E-14
68	5 -3.13522462235E-01  1.00389904102E+00 -1.01117792355E-05  1.31584824341E-08 -8.18886503155E-12  1.89339322951E-15
69	5  7.29488758476E-02  1.00182637576E+00 -3.88523672709E-06  3.74018090546E-09 -1.55863669460E-12  1.65124142696E-16
70	5 -5.57811509052E-01  1.00352884720E+00 -1.36810355624E-05  3.29341562794E-08 -3.10133555465E-11  9.74973714629E-15
71	5 -5.34179193544E-01  1.00668034214E+00 -1.68391259493E-05  2.08617441687E-08 -1.17704463001E-11  2.39963496288E-15
72	5 -7.11532792880E-01  1.00527429038E+00 -1.33025958249E-05  1.73334397734E-08 -1.09622572808E-11  2.61144979631E-15
73	5 -9.13779147005E-02  1.00451818545E+00 -1.32311700027E-05  1.69425217731E-08 -1.02348085884E-11  2.32297216396E-15
74	5 -1.16301755424E+00  1.00946347845E+00 -2.53867316643E-05  3.36893363743E-08 -2.14470486444E-11  5.17501203223E-15
75	5 -2.96962464906E-01  1.00392614737E+00 -1.16583710949E-05  1.63000904613E-08 -1.04579979736E-11  2.47657146415E-15
76	5 -6.81510644492E-01  1.00585436792E+00 -1.47513894222E-05  1.83178335133E-08 -1.11325208659E-11  2.57257489266E-15
77	5 -2.41224352000E-01  1.00411535419E+00 -1.08311814899E-05  1.28499128198E-08 -7.03982532310E-12  1.41284995571E-15
78	5 -4.56808046741E-03  1.00218900857E+00 -6.19673754706E-06  7.71626439843E-09 -4.33980845994E-12  8.56688075196E-16
79	5 -9.82555307264E-02  1.00281500664E+00 -6.73039298389E-06  8.37712047483E-09 -5.09212531491E-12  1.17330921139E-15
80	5 -2.06477358578E+00  1.02008311644E+00 -6.86556762503E-05  1.11656043513E-07 -8.10604285970E-11  2.13901775764E-14
81	5 -2.43874836205E-01  1.00264860861E+00 -5.21054008668E-06  4.82447917168E-09 -2.04240880903E-12  2.76552043991E-16
82	5 -5.59635836766E-01  1.00535323651E+00 -1.26646047921E-05  1.48865622894E-08 -8.56852372150E-12  1.89413676317E-15
83	5 -5.29578844108E-01  1.00543302210E+00 -1.57162611382E-05  2.26276065046E-08 -1.56450172892E-11  4.04604904942E-15
84	5 -3.67572367321E-01  1.00319783384E+00 -6.38476544812E-06  6.32096721022E-09 -3.25269626485E-12  6.43701184584E-16
85	5 -3.72669945194E-01  1.00413275681E+00 -1.09162779129E-05  1.43831531344E-08 -8.99994007537E-12  2.09248654363E-15
86	5 -3.57290266052E-01  1.00241327582E+00 -2.99271295048E-06  5.36020499585E-10  1.03570695308E-12 -4.82696540569E-16
87	5 -6.98572872452E-01  1.00925623080E+00 -3.80890364251E-05  7.50572454421E-08 -6.39801313469E-11  1.94015209837E-14
88	5 -5.14571140359E-01  1.00416026924E+00 -1.12890885301E-05  1.47228760617E-08 -8.92734232307E-12  1.99263550701E-15
89	5  6.43245020304E-02  1.00211771897E+00 -6.39564907251E-06  8.65701515791E-09 -5.43175872133E-12  1.26145273996E-15
90	5 -2.37501261373E-01  1.00109877166E+00  3.27695434145E-06 -9.00597144467E-09  7.50366802442E-12 -2.05084444775E-15
91	5  1.63896558993E-01  1.00106667368E+00 -2.74046914708E-06  2.87904392723E-09 -1.38153070922E-12  2.01003564387E-16
92	5 -1.43537159465E-01  1.00252208255E+00 -3.61410940577E-06  3.12118920370E-09 -1.12527810051E-12  6.88834391327E-17
93	5  4.03761692778E-02  1.00095591485E+00 -6.85599739210E-07 -7.96259767683E-10  1.40727983340E-12 -5.48071894192E-16
94	5 -9.03430800213E-02  1.00158015177E+00 -2.10356029275E-06  9.12818063063E-11  1.60572680395E-12 -7.85845519299E-16
95	5 -5.90566798482E-03  1.00262839301E+00 -6.72293208511E-06  8.85411563194E-09 -5.57331898779E-12  1.30733895351E-15
96	5 -9.19021352739E-03  1.00219860210E+00 -3.62689641537E-06  2.55845021885E-09 -5.61815442000E-13 -7.34826878231E-17
97	5 -2.17181485503E-01  1.00257287650E+00 -5.29765494737E-06  5.46934505509E-09 -2.59267364741E-12  4.18868899252E-16
98	5 -5.61278561683E-01  1.00326450638E+00 -5.18883546599E-06  3.53256292221E-09 -7.75881493924E-13 -7.93395697099E-17
99	5  2.95540394636E-02  1.00240371785E+00 -5.93472880497E-06  6.86228610659E-09 -3.69983074054E-12  7.28088000288E-16
100	5 -1.88244848223E-01  1.00210222294E+00 -2.39169600765E-06  2.89440420774E-10  1.17298862367E-12 -5.57972479808E-16
101	5 -3.12059210057E-01  1.00304700315E+00 -6.27265718958E-06  6.80547550832E-09 -3.55714538129E-12  7.01193416183E-16
102	5 -2.68364145981E-01  1.00296059155E+00 -7.08037185921E-06  8.28138701922E-09 -4.66064681080E-12  9.74894307316E-16
103	5 -8.84369882550E-02  1.00190576683E+00 -2.99311841918E-06  1.80875891068E-09  2.91702264940E-13 -4.35865985668E-16
104	5 -6.23443607458E-02  1.00156483605E+00 -1.08761152883E-06 -1.69081974273E-09  2.95143559944E-12 -1.12138385014E-15
105	5  8.08952922013E-01  9.92084046468E-01  3.72741256773E-05 -7.10523067211E-08  5.90805407702E-11 -1.76694741221E-14
106	5 -6.27204011481E-01  1.00406571085E+00 -5.96846831837E-06  3.58447769133E-09  3.71232517565E-13 -6.34961875486E-16
107	5  1.81846993835E-01  1.00123072792E+00 -2.92944995171E-06  4.10732728083E-09 -2.68045534565E-12  6.26321824549E-16
108	5 -9.82270463903E-02  1.00005081475E+00  5.59281608294E-06 -1.36535106760E-08  1.22845529583E-11 -3.73171258515E-15
109  	0  0.00000000000E-00  0.00000000000E-00  0.00000000000E-00  0.00000000000E-00  0.00000000000E-00  0.00000000000E-00
110	5 -7.51723126499E-02  1.00056901660E+00  2.50909233255E-06 -8.53358099810E-09  8.75852426177E-12 -2.86018009670E-15
