//	GAMMASPHERE CONFIGURATION FILE FOR GSFMA305
//	1st column: detector number
//	2nd column: ring
//	3rd column: theta
//	4th column: phi
//	5th column: side channel gain, calibrating to keV (2.5 by default)
//	6th column: side channel offset, calibrating to keV (0.0 default)
//	7th column: side chan threshhold (kev). Use 4000 for dets w/o side chan
//	8th column: time positions 1 (divided by 2)
//	9th column: time positions 2 (divided by 2)
//
//	First 20 lines reserved for comments.
//	Do not change this!
//
//	(Extra comments can be added here.)
//
//
//
//
//
  1   1     17.27        72.0    0.000      	 0.000      4000.00  	2222.2222	2500.2222   
  2   1     17.27       216.0    0.000      	 0.000      4000.00  	2222.2222	2500.2222   
  3   1     17.27       144.0    0.000      	 0.000      4000.00  	2222.2222	2500.2222   
  4   1     17.27       288.0    0.000      	 0.000      4000.00  	2222.2222	2500.2222   
  5   2     31.72        36.0    0.000     	 0.000      4000.00  	2222.2222	2500.2222   
  6   1     17.27       360.0    0.000      	 0.000      4000.00  	2222.2222	2500.2222   
  7   2     31.72       108.0    0.000     	 0.000      4000.00  	2002.0000    	2368.0000   
  8   2     31.72       252.0    0.000      	 0.000      4000.00  	2002.0000    	2364.0000   
  9   2     31.72       180.0    0.000     	 0.000      4000.00  	2002.0000	2376.0000   
 10   2     31.72       324.0    0.000      	 0.000      4000.00  	2222.2222	3500.2222   
 11   3     37.38        72.0    0.000      	 0.000      4000.00  	2003.0000    	2366.0000   
 12   3     37.38       216.0    0.000      	 0.000      4000.00  	2001.0000    	2362.0000   
 13   3     37.38       144.0    0.000      	 0.000      4000.00  	2003.0000    	2371.0000   
 14   3     37.38       288.0    0.000      	 0.000      4000.00  	2001.0000    	2363.0000   
 15   4     50.07        22.8    0.000      	 0.000      4000.00  	2001.0000    	2363.0000   
 16   3     37.38       360.0    0.000      	 0.000      4000.00  	2001.0000    	2372.0000   
 17   4     50.07        49.2    0.000      	 0.000      4000.00  	2001.0000    	2375.0000   
 18   4     50.07       193.2    0.000      	 0.000      4000.00  	2002.0000    	2373.0000   
 19   4     50.07        94.8    0.000      	 0.000      4000.00  	1999.0000    	2382.0000   
 20   4     50.07       238.8    0.000      	 0.000      4000.00  	2001.0000    	2370.0000   
 21   4     50.07       121.2    0.000      	 0.000      4000.00  	2002.0000    	2322.0000   
 22   4     50.07       265.2    0.000      	 0.000      4000.00  	2001.0000    	2367.0000   
 23   4     50.07       166.8    2.50548565 	-2.453        86.68  	2001.0000    	2366.0000   
 24   4     50.07       310.8    2.51383764 	-3.823        46.45  	2001.0000    	2366.0000   
 25   5     58.28        72.0    0.000       	 0.000      4000.00  	2001.0000    	2365.0000   
 26   4     50.07       337.2    0.000       	 0.000      4000.00  	2002.0000   	2362.0000   
 27   5     58.28       144.0    2.49933525 	-2.480        82.50  	2001.0000    	2373.0000   
 28   5     58.28       216.0    0.000	     	 0.000      4000.00  	2001.0000    	2364.0000   
 29   6     69.82        18.5    2.52075434 	-2.923        92.87  	2001.0000    	2362.0000  
 30   5     58.28       288.0    0.000      	 0.000      4000.00  	2001.0000    	2373.0000   
 31   6     69.82        53.5    2.61205368    -46.565        91.87  	2001.0000    	2377.0000   
 32   5     58.28       360.0    2.49574016 	 5.400       107.73  	2001.0000    	2373.0000   
 33   6     69.82        90.5    2.48993464  	 0.403        95.02  	2001.0000	2364.0000
 34   6     69.82       197.5	 2.50696150  	 0.572        93.33	2002.0000	2367.0000
 35   6     69.82       125.5	 0.000	         0.000	    4000.00	2000.0000	2366.0000
 36   6     69.82       234.5	 2.48886746	 5.003        89.62 	2001.0000	2370.0000
 37   6     69.82       162.5	 2.49951878	 0.637        90.62    	2002.0000	2374.0000
 38   6     69.82       269.5	 2.52089627	-5.945        89.85     2001.0000	2375.0000
 39   7     79.19        72.0	 2.50020348	-1.773        88.23    	2002.0000	2360.0000
 40   6     69.82       306.5	 0.000	 	 0.000      4000.00    	2001.5000	2378.0000
 41   7     79.19       144.0	 2.48681123 	 3.385        90.42	2001.0000	2368.0000
 42   6     69.82       341.5	 2.52706900	-10.888      107.88    	2001.0000	2365.0000
 43   8     80.71        36.0	 2.50202794	 1.090        86.16    	1999.5000	2368.0000
 44   7     79.19       216.0	 2.50076214      0.847 	      95.88	2001.0000	2359.0000
 45   8     80.71       108.0	 2.51035658	-4.411        85.96	2001.0000	2367.0000
 46   7     79.19       288.0	 2.51321884	-15.900      124.84	2000.0000	2368.0000
 47   8     80.71       180.0	 2.46859293	-2.360        84.04    	2001.0000	2365.0000
 48   7     79.19       360.0	 2.50031458	 2.215        99.73    	2001.0000	2371.0000
 49   9     90.00        18.0	 2.48291279	 4.222        96.09    	2001.0000	2374.0000
 50   8     80.71       252.0	 2.51715586	-3.852       245.35	2001.0000	2361.0000
 51   9     90.00        54.0	 2.49743366	 0.348       157.69    	2001.0000	2368.0000
 52   8     80.71       324.0	 2.49448911	-5.952        91.33	2001.0000	2370.0000
 53   9     90.00        90.0	 0.000		 0.000	    4000.00	2222.2222	2500.2222
 54   9     90.00       198.0	 0.000	     	 0.000      4000.00	2222.2222	2500.2222
 55   9     90.00       126.0	 2.49760250	-0.036        97.37	2001.0000	2350.0000
 56   9     90.00       234.0	 2.50194083	 1.187        88.76    	2001.0000	2374.0000
 57   9     90.00       162.0	 2.46824690	14.022        93.01    	2001.0000	2362.0000
 58   9     90.00       270.0	 0.000	     	 0.000      4000.00     2222.2222	2500.2222
 59  10     99.29        72.0	 0.000	     	 0.000      4000.00	2002.0000	2366.0000
 60   9     90.00       306.0	 2.49956744	-0.733        96.75    	2002.0000	2368.0000
 61  10     99.29       144.0	 0.000	     	 0.000      4000.00	2000.0000	2359.0000
 62   9     90.00       342.0	 2.46972696	13.991       105.37	2001.0000	2369.0000
 63  11    100.81        36.0	 2.49948930	-1.827        88.15	2001.5000	2362.0000
 64  10     99.29       216.0	 0.000	     	 0.000      4000.00	2001.0000	2367.0000
 65  11    100.81       108.0	 2.49472898	 1.285        81.12	2002.0000	2372.0000
 66  10     99.29       288.0	 2.51237479	-2.704       112.86	2002.0000	2370.0000
 67  11    100.81       180.0	 2.50188471	-1.163       118.93	2000.0000	2367.0000
 68  10     99.29       360.0	 2.50006028	 0.171        90.17	2001.0000	2370.0000
 69  12    110.18        17.5	 2.51600365	-5.092        85.48	2000.0000	2365.0000
 70  11    100.81       252.0	 2.50672451	-2.257       108.04	2000.0000	2366.0000
 71  12    110.18        54.5	 0.000	     	 0.000      4000.00	2002.0000	2363.0000
 72  11    100.81       324.0	 2.49389979	-1.849        95.41	2001.0000	2370.0000
 73  12    110.18        89.5	 2.49586642	-1.331        46.09	2001.0000	2373.0000
 74  12    110.18       198.5	 0.000	     	 0.000      4000.00	2001.0000	2368.0000
 75  12    110.18       126.5	 2.48789477	-2.818        89.23	2001.0000	2377.0000
 76  12    110.18       233.5	 2.49190784	 3.588        93.30	2001.0000	2367.0000
 77  12    110.18       161.5	 2.50154365	-2.215        82.84	2001.0000	2373.0000
 78  12    110.18       270.5	 0.000	     	 0.000      4000.00	2003.0000	2366.0000
 79  13    121.72        36.0	 0.000	     	 0.000      4000.00	2002.0000	2371.0000
 80  12    110.18       305.5	 2.48695619	 4.737       104.22	2002.0000	2362.0000
 81  13    121.72       108.0	 2.51559500	-2.509        88.05	2002.0000	2372.0000
 82  12    110.18       342.5	 0.000	     	 0.000      4000.00	2001.0000	2365.0000
 83  13    121.72       180.0	 2.52805864	-9.234        84.30	2002.0000	2374.0000
 84  13    121.72       252.0	 2.50480058	-2.537        92.65	2001.0000	2364.0000
 85  14    129.93        13.2	 2.50366361	-3.180        84.45	2001.0000	2364.0000
 86  13    121.72       324.0	 2.49784904	-1.481        95.94	2002.0000	2364.0000
 87  14    129.93        58.8	 0.000	     	 0.000      4000.00	2002.0000	2362.0000
 88  14    129.93       202.8	 2.53944150	-14.077       72.26 	2001.0000	2368.0000
 89  14    129.93        85.2    0.000       	 0.000      4000.00  	2001.0000    	2366.0000  
 90  14    129.93       229.2    0.000       	 0.000      4000.00  	2001.0000    	2366.0000   
 91  14    129.93       130.8    0.000       	 0.000      4000.00  	2002.0000 	2368.0000
 92  14    129.93       274.8    2.48857817 	 3.517	      98.08	2001.0000    	2368.0000   
 93  14    129.93       157.2    0.000       	 0.000      4000.00  	2001.0000   	2368.0000   
 94  14    129.93       301.2    0.000       	 0.000      4000.00  	2001.0000    	2364.0000   
 95  15    142.62        36.0    0.000       	 0.000      4000.00  	2001.0000    	2369.0000
 96  14    129.93       346.8    0.000       	 0.000      4000.00  	2001.5000    	2365.0000  
 97  15    142.62       108.0    0.000       	 0.000      4000.00  	2001.0000    	2372.0000   
 98  15    142.62       252.0    0.000       	 0.000      4000.00  	2001.0000    	2361.0000   
 99  15    142.62       180.0    0.000       	 0.000      4000.00  	2002.0000   	2362.0000  
100  15    142.62       324.0    0.000       	 0.000      4000.00  	2002.0000    	2364.0000   
101  16    148.28        72.0    0.000       	 0.000      4000.00  	2003.0000    	2377.0000   
102  16    148.28       216.0    0.000       	 0.000      4000.00  	2001.0000    	2366.0000   
103  16    148.28       144.0    0.000       	 0.000      4000.00  	2000.5000    	2369.0000   
104  16    148.28       288.0    0.000       	 0.000      4000.00  	2001.0000    	2373.0000   
105  17    162.73        36.0    0.000       	 0.000      4000.00  	2004.0000    	2376.0000   
106  16    148.28       360.0    0.000       	 0.000      4000.00  	2001.0000    	2370.0000   
107  17    162.73       108.0    0.000       	 0.000      4000.00  	2001.0000    	2375.0000   
108  17    162.73       252.0    0.000       	 0.000      4000.00  	2001.0000    	2376.0000  
109  17    162.73       180.0    0.000       	 0.000      4000.00  	2222.2222    	2500.2222   
110  17    162.73       324.0    0.000       	 0.000      4000.00  	2001.0000    	2738.0000  

